27850674
27850701
27850709
27850719
27850722
27850734
27850735
27850737
27850741
27850754
27850759
27850761
27850764
27850772
27850773
27850780
27850785
27850792
27850793
27850797
27850799
27850800
27850801
27850812
27850813
27850818
27850820
27850824
27850825
27850826
27850828
27850829
27850830
27850832
27850833
27850836
27850841
27850842
27850843
27850844
27850846
27850848
27850851
27850852
27850855
27850857
27850858
27850861
27850862
27850863
27850866
27850868
27850870
27850871
27850875
27850876
27850879
27850878
27850880
27850881
27850885
27850887
27850888
27850889
27850892
27850893
27850894
27850895
27850896
27850898
27850902
27850904
27850905
27850906
27850907
27850909
27850910
27850911
27850913
27850914
27850916
27850918
27850919
27850920
